0.0333857937988598
0.014242463910416
0.0189899518805548
0.00949497594027737
0.00478140235638882
0.00957775010841847
0.00971980549941655
0.00480319284079789
0.00949497594027746
0.00953983822853193
0.00949497594027737
0.00477002610419775
0.0097024003465467
0.0190788326674671
0.077132443430481
0.00477002610419789
0.0142424639104162
0.00956253494794507
0.036877222864303
0.00953983822853196
0.0833106203170609
0.00477002610419777
0.0296583330347076
0.0296070862759996
0.00968530498547997
0.0194558005217957
0.0625558400567013
0.00477002610419773
0.00956253494794506
0.00477002610419774
0.00960605894770664
0.00477002610419775
0.884031875718864
0.00478902272326816
0.0286170070063586
0.00477002610419777
0.00949497594027735
0.00477002610419772
0.014477304347448
0.00477002610419774
0.00953983822853186
0.0189899518805548
0.00480937622558768
0.00949497594027747
0.109811001521765
0.0095398382285318
0.0796272526898037
0.014242463910416
0.00477002610419773
0.0953421189443476
0.00953983822853201
0.0143094394199257
0.00959838818223624
0.0241972089834408
0.229795949573067
0.0286844363035467
0.00953983822853192
0.00949497594027746
0.028884768784027
0.0815072208897236
0.00477002610419772
0.045670889966238
0.0462093403589285
0.0595823016477033
0.00479475622175883
0.0145495765838469
0.0145857892975515
0.707766962985596
0.00479935400539812
0.00949497594027743
0.00477002610419774
0.0150113833215526
0.00949497594027738
0.0144731997991192
0.024425503360848
0.0145384889168435
0.0423773335676995
0.00953983822853185
0.00949497594027746
0.00949497594027738
0.16664208098706
0.0191240046878433
0.0290848258835592
0.131483257716195
0.00477002610419772
0.00949497594027743
0.0142424639104162
0.0487888298162598
0.00478140235638893
0.00477002610419774
0.0332324157909708
0.00949497594027743
0.0433915742336221
0.119204353610478
0.00479475622175892
0.00949497594027737
0.00953983822853194
0.029131894551857
0.0144655301824744
0.994367876197014
0.00960803378013858
0.0142424639104162
0.00479475622175884
0.147399599644974
0.00949497594027734
0.0952092421939637
0.00949497594027745
0.0143094394199257
0.0094949759402774
0.0339891697457956
0.0189899518805547
0.00958512238200296
0.0402470108289842
0.00478140235638893
0.00949497594027739
0.494673292980658
0.0095398382285318
0.0145936586074554
0.00480937622558771
0.0393660583977155
0.118194460254191
0.00477002610419773
0.235769046461666
0.0192677965947146
0.0192906898239261
0.00477002610419772
0.515081145689105
0.00477002610419775
0.0192599330923984
0.0956552335572832
0.00479475622175884
0.00956253494794506
0.00479475622175884
0.00477002610419773
0.00477002610419773
0.009539838228532
0.00953983822853186
0.00967520249034398
0.00477002610419774
0.00965810375458562
0.00477002610419774
0.0467462151983068
0.0144113191278469
0.00477002610419773
0.0096519713490473
0.051633471164493
0.00477002610419775
0.00478902272326814
0.0195696595288341
0.0403265661698685
0.00968773780293565
0.0297790264013199
0.0203554133811601
0.00477002610419773
0.00477002610419773
0.00956253494794502
0.0254657474199183
0.688894624292823
0.0715386819732479
0.00958512238200285
0.00477002610419772
0.340339572520378
0.00478140235638894
0.00477002610419787
0.0435236485529178
0.00953983822853189
0.0144798738976228
0.406665569232879
0.199180411220856
0.186440547892979
0.014242463910416
0.00949497594027741
0.00477002610419777
0.135424894073042
0.0191685334972202
0.00477002610419772
1.08403412735771
0.00478902272326814
0.019574938628321
0.00949497594027736
0.00966742148875472
0.0047474879701386
0.00477002610419775
0.00477002610419777
0.00953983822853194
0.00477002610419774
0.00479475622175882
0.00949497594027747
0.00477002610419774
0.00477002610419772
0.01
0.01
0.0146915128432602
0.00477002610419775
0.0284849278208321
0.00481636848053221
0.0350288726486851
0.00479475622175882
0.0047814023563889
0.0094949759402774
0.00949497594027738
0.0094949759402774
0.0143094394199256
0.00949497594027742
0.00949497594027739
0.0189899518805548
0.00477002610419792
0.580914730758245
0.00949497594027738
0.0293619379008924
0.0143094394199257
0.0531812813859204
0.0142424639104161
0.00949497594027745
0.0094949759402774
0.00478140235638884
0.00481194614571844
0.00477002610419771
0.00477002610419774
0.00478140235638885
0.18849010159209
0.075142814065593
0.0714385241299377
0.00477002610419775
0.0094949759402774
0.00949497594027744
0.00477002610419775
0.0240164598667317
0.00953983822853181
0.0190788326674671
0.060220391002297
0.00982551282832484
0.00477002610419772
0.00477002610419773
0.00477002610419772
0.108531028150592
0.0095398382285318
0.00953983822853199
0.00477002610419774
0.00956253494794503
0.0145282340916897
0.168554720504706
0.0094949759402774
0.00478140235638885
0.00478140235638894
0.0143094394199258
0.0803881918190616
0.0189899518805548
0.00477002610419774
0.0143661857803259
0.00477002610419774
0.0189899518805547
0.00478902272326814
0.00478902272326814
0.198836976327894
0.00957775010841846
0.0465130186596143
0.0533873640173916
0.483969411486638
0.0143434012531742
0.00479475622175885
0.0146589722469333
0.00480648853534058
0.00957775010841844
0.00949497594027742
0.00949497594027737
0.00949497594027741
0.0143770387597077
0.00949497594027742
0.00477002610419776
0.00477002610419773
0.0295282966991402
0.0830898243432604
0.0145632360013988
0.0245391042998637
0.014242463910416
0.00477002610419775
0.00949497594027741
0.00958920232102773
0.00949497594027739
0.188870501277751
0.0898264731537864
0.0145352112484961
0.0509448289477422
0.00949497594027738
0.00477002610419773
0.00477002610419774
0.0244671500391217
0.0193017590525475
0.147492071758315
0.00949497594027741
0.0242437902020872
0.00953983822853184
0.137855983984921
0.0095398382285319
0.0537026893836317
0.00478902272326813
0.00953983822853201
0.00477002610419775
0.0240722285866024
0.00949497594027744
0.0361846311756715
0.009718635071436
0.036373637441969
0.00477002610419776
0.00478140235638884
0.0347627978085274
0.00971596049107738
0.00949497594027739
0.669817711445604
0.014242463910416
0.00477002610419771
0.0193823656730491
0.00479475622175893
0.00953983822853192
0.00965447356343519
0.0146394532645015
0.201146960773017
0.00478902272326814
0.0243689263133314
0.00963625680882862
0.00949497594027741
0.00480937622558771
0.0191543332996477
0.00477002610419774
0.262865337301448
0.00953983822853195
0.0143434012531742
0.0192677965947146
0.00477002610419773
0.00960605894770661
0.0143434012531744
0.0142424639104161
0.00477002610419773
0.00477002610419772
0.0143770387597076
0.0506570384722275
0.00949497594027736
0.0094949759402774
0.00949497594027745
0.00949497594027736
0.00478902272326814
0.0094949759402774
0.0095892023210279
0.306242716139664
0.00949497594027742
0.024746401726591
0.009539838228532
0.014615354712501
0.0143770387597077
0.00478902272326815
0.00477002610419776
0.00477002610419775
0.0238480209037801
0.00949497594027738
0.00957775010841847
0.00477002610419774
0.00478140235638887
0.0048093762255877
0.00975559257149903
0.0590858870775767
0.0352570142132439
0.254056847224856
0.00962818110046236
0.00477002610419774
0.00478902272326814
0.0192141256565054
0.0584976960548667
0.00956253494794505
0.00477002610419772
0.00477002610419787
0.0145146421817709
0.680034529467019
0.00477002610419774
0.00477002610419772
0.0047814023563889
0.00967625501850846
0.0554191712720524
0.00478902272326813
0.03449209658274
0.0238480209037801
0.0095398382285318
0.0190788326674669
0.00477002610419775
0.0237374398506934
0.00949497594027738
0.00963105443274455
0.00478140235638885
0.01
0.0341057531630634
0.300445149092375
0.0241972089834408
0.00949497594027743
0.0641638160044768
0.0142424639104161
0.00477002610419775
0.0569701154025724
0.00478140235638883
0.140333967381887
0.0147203629033299
0.00949497594027744
0.0246877707821708
0.0143434012531742
0.141856231432833
0.0096519713490473
0.00949497594027741
0.0094949759402774
0.00479475622175884
0.172428930167851
0.00478140235638883
0.0442096566290083
0.0400760962492941
0.014242463910416
0.0731044275538746
0.39544958126066
0.0192677965947146
0.00964422752992841
0.00963982666908221
0.00480937622558772
0.00477002610419773
0.0250455247141821
0.0145270067876385
0.00478902272326815
0.00964914926071303
0.0143094394199257
0.00953983822853202
0.690592127247626
0.00477002610419775
0.138939676468735
0.00479475622175885
0.0237374398506936
0.00478902272326816
0.00963105443274457
0.726528713518152
0.00956253494794507
0.00480319284079788
0.0144113191278471
0.00479475622175886
0.00480648853534056
0.0199223308181444
0.0147373076919408
0.0296779633056429
0.00477002610419776
0.00478902272326815
0.00971975609741733
0.0048031928407979
0.00477002610419774
0.00478140235638883
0.0095777501084185
0.00953983822853182
0.00478140235638883
0.00960803378013838
0.00477002610419774
0.00953983822853194
0.0335888902579177
0.157019988550149
0.0794120618665156
0.00478902272326815
0.00478140235638883
0.00953983822853199
0.00478140235638882
0.0517614571630398
0.00479475622175884
0.019259065548805
0.00478902272326815
0.00478140235638883
0.0909946923228337
3.78527410921274
0.00477002610419775
0.00477002610419787
0.00479475622175884
0.00949497594027744
0.0144798738976229
0.00478140235638883
0.0191240046878432
0.0239421961643029
0.00949497594027744
0.0143094394199257
0.00477002610419775
0.0466209404774334
0.00478140235638882
0.014242463910416
0.0189899518805549
0.014242463910416
0.0237374398506935
0.014242463910416
0.492327424160304
0.0094949759402774
0.0614450349103847
0.00477002610419774
0.00949497594027744
0.00949497594027742
0.00956253494794503
0.00478140235638881
0.00949497594027742
0.0192863014019261
0.464708618774422
0.131461392878162
0.00479935400539811
0.00953983822853201
0.00477002610419773
0.00964422752992841
0.0529384339780406
0.282211458271279
0.0095398382285318
0.00478140235638883
0.00956253494794502
0.00953983822853194
0.00478140235638903
0.00958512238200281
0.591268159756021
0.014366185780326
0.00959838818223605
0.00953983822853194
0.0094949759402774
0.0242259828746256
0.00953983822853201
0.00479475622175884
0.00478140235638884
0.00949497594027747
0.00949497594027742
0.0094949759402774
0.0870023593929508
0.014242463910416
0.00477002610419774
0.0351375107124207
0.0239596126225342
0.024073574217729
0.014242463910416
0.00477002610419773
0.253462974976994
0.0794129987811252
0.019078832667467
0.0142424639104161
0.00949497594027745
0.00477002610419774
0.0142424639104161
0.00477002610419775
0.130977666702712
0.127907957416264
0.138193847632602
0.0144113191278469
0.0925231881194579
0.049593441255801
0.0237374398506935
0.00961264514433553
0.00479935400539812
0.0438910284752977
0.00478140235638883
0.0239596126225341
0.00949497594027743
0.0698193149063729
0.00479935400539811
0.00949497594027746
0.0482620408017775
0.00949497594027743
0.0189899518805548
0.00478902272326814
0.00478902272326815
0.00477002610419774
2.54657410528677
0.041864708353044
0.00949497594027742
0.00949497594027746
0.00949497594027742
0.0429227804865978
0.00949497594027743
0.00478140235638883
0.00949497594027746
0.00953983822853194
0.169793931093781
0.0646530164105404
0.0144452705581193
0.00962339325053382
0.00477002610419773
0.00478140235638882
0.00477002610419787
0.00477002610419786
0.0289673230888026
0.019359258169019
0.0193823656730492
0.00478902272326815
0.515254332791227
0.0440771972051806
0.0858673584283689
0.0654867228914731
0.0190788326674671
0.00479935400539812
0.0144348244327215
0.00479935400539811
0.0866679062334908
0.00477002610419775
0.0192849057384826
0.00479475622175886
0.014242463910416
0.00477002610419774
0.00477002610419775
0.0634800916173584
0.00478140235638882
0.146783413905755
0.0765611652184554
0.00477002610419774
0.0889111156202123
0.0286170070063586
0.00478140235638881
0.195727680126043
0.00477002610419773
0.00949497594027742
0.00477002610419787
0.0189899518805547
0.00478140235638883
0.014242463910416
0.0189899518805548
0.0142424639104161
0.00477002610419775
0.0196274509031301
0.0250347991959828
0.0498096817789438
0.00478902272326815
0.00478140235638882
0.0143094394199257
0.00477002610419774
0.009539838228532
0.00477002610419775
0.00479475622175884
0.00956253494794506
0.0143971062699353
0.0145219041912603
0.0142424639104161
0.00477002610419775
0.00949497594027744
0.00477002610419773
0.058284589347266
0.0238480209037802
0.0194940487511639
0.0142424639104161
0.0146226682448951
0.641451470817188
0.0292253100645848
0.0194793641386733
0.00477002610419773
0.0143094394199257
0.00478902272326815
0.00949497594027747
0.00949497594027742
0.0289996200423874
0.00953983822853194
0.00478140235638882
0.00949497594027742
0.00949497594027742
0.238935721881224
0.0148028066141455
0.00478140235638882
0.0291309436058882
0.00960605894770662
0.00477002610419775
0.00477002610419775
0.0237374398506935
0.00477002610419774
0.00949497594027745
0.00958920232102791
0.00949497594027743
0.00478140235638881
0.0292633196720602
0.238334269682985
0.00960803378013839
0.0239043486064322
0.00477002610419775
0.00477002610419775
0.0145452559421688
0.13112914855169
0.00993164211675921
1.44420274440905
0.0241408735459479
0.00962339325053382
0.00949497594027745
0.00477002610419774
0.019078832667467
0.0145205720962579
0.00956253494794506
0.00477002610419774
0.00968297091163933
0.0355115312253675
0.00961841645920177
0.00949497594027744
0.00477002610419774
0.0148490316638983
0.0146762595040962
0.243274892958336
0.0145219041912603
0.0095777501084185
0.00479935400539812
0.0143434012531742
0.0145002316468299
0.0144688705298174
0.0302115969752644
0.00478902272326815
0.0336197367300781
0.0399322318425224
0.00949497594027744
0.02415696345675
0.0243410707232499
0.0144113191278469
0.0145813993306778
0.00477002610419774
0.00971407382134709
0.0445809348236385
0.00479935400539812
0.106833891350863
0.0238480209037802
0.0144271245075969
0.08471182862716
0.00956253494794504
0.00477002610419775
0.0859733865632767
0.00968188341766616
0.0142424639104161
0.0146440455792107
0.0142424639104161
0.172819576204737
0.014242463910416
0.00477002610419774
0.009539838228532
0.0494447803838813
0.00478902272326815
0.00949497594027744
0.014366185780326
0.00477002610419775
0.00478140235638902
0.00477002610419774
0.0095851223820028
0.00956253494794505
0.00477002610419775
0.00479475622175885
0.0545169304107969
0.00949497594027746
0.0095398382285318
0.00949497594027746
0.00478140235638903
0.00477002610419775
0.193764401657156
0.0335170816161826
0.00949497594027745
0.00477002610419775
0.00949497594027744
0.0142424639104161
0.014242463910416
0.00949497594027743
0.00477002610419774
0.00959838818223604
0.00477002610419775
0.00949497594027744
0.00949497594027746
0.00949497594027745
0.00953983822853181
0.0192447373371482
0.00477002610419775
0.00477002610419774
0.00949497594027745
0.00953983822853201
0.0289534399195442
0.0237374398506935
0.00949497594027746
0.00477002610419775
0.0143770387597076
0.00949497594027746
0.00949497594027745
0.0142424639104161
0.0335405475744705
0.019078832667467
0.00478902272326815
0.00949497594027745
0.0431198895814111
0.617128228041169
0.00949497594027745
0.00949497594027744
0.0142424639104161
0.00477002610419775
0.00949497594027745
0.00478140235638902
0.1908163821783
0.00957775010841849
0.0491409315985282
0.0142424639104161
0.00949497594027745
0.0192355041111621
0.0240164598667317
0.00478140235638902
0.0617833794112142
0.0095398382285318
0.10574078469751
0.00478902272326815
0.0142424639104161
0.0239596126225343
0.00949497594027745
0.0143094394199257
0.0492302076535979
0.0145205720962579
0.321473757455773
0.00962818110046236
0.0289326652756947
0.00478902272326815
0.00949497594027744
0.158920520716735
0.00957775010841849
0.0726000669360181
0.00953983822853181
0.00949497594027745
0.0445474034003072
0.823122431732611
0.00477002610419775
0.00478902272326815
0.00949497594027745
0.00477002610419775
0.00949497594027745
0.0142424639104161
0.00949497594027745
0.00949497594027744
0.0191771788732122
0.0143770387597076
0.00949497594027745
0.0238480209037802
0.00949497594027745
0.00477002610419775
0.0237374398506936
0.00478140235638902
0.00474748797013863
0.0144086020892533
0.00949497594027744
0.00478140235638898
0.521006605383023
0.180164630388812
0.00477002610419775
0.019078832667467
0.0189899518805547
0.0194748999444974
0.00958920232102788
0.00953983822853181
0.00478902272326815
0.00949497594027745
0.0142424639104161
0.0336966950769739
0.00949497594027745
0.00953983822853181
0.00477002610419775
0.0339651242726627
0.00949497594027745
0.00949497594027745
0.0238480209037802
0.00949497594027745
0.00949497594027745
1.46494643446401
0.00477002610419775
0.00949497594027745
0.00960803378013839
0.00477002610419775
